0 3627
1 3627
2 2169
3 3209
4 1
5 1541
6 1534
7 1768
8 3627
9 2886
10 928
11 2618
12 1688
13 812
14 1647
15 2913
16 2624
17 309
18 307
19 2409
20 548
21 1708
22 3260
23 5408
24 5183
25 3260
26 2507
27 2507
28 2507
29 2270
30 2507
31 2507
32 2507
33 2507
34 2679
35 2507
36 2507
37 2507
38 2507
39 2507
40 2507
41 2507
42 2507
43 2507
44 2507
45 2507
46 2507
47 2507
48 2507
49 2507
50 1083
51 2883
52 1414
53 750
54 580
55 603
56 1320
57 562
58 562
59 544
60 646
61 646
62 709
63 709
64 4753
65 624
66 624
67 2195
68 648
69 648
70 2011
71 581
72 581
73 682
74 682
75 5281
76 2387
77 4309
78 1794
79 1794
80 7980
81 1456
82 2365
83 1424
84 1426
85 1366
86 1803
87 1125
88 1120
89 1128
90 1164
91 1568
92 1192
93 1147
94 81301
95 79227
96 974
97 730
98 1237
99 1149
100 1146
101 1329
102 1206
103 1206
